228784 , 1895690 
228784 , 1650071 
228784 , 1386471 
228784 , 1389287 
228784 , 1384784 
228784 , 1391095 
228784 , 2196921 
228784 , 2253396 
228784 , 2217328 
228784 , 2264608 
228784 , 3806908 
228784 , 2511344 
228784 , 2136778 
228784 , 3085452 
228784 , 1372927 
228784 , 1448571 
228784 , 1867603 
228784 , 1765756 
228784 , 1615326 
228784 , 1423699 
228784 , 1438154 
228784 , 1424507 
228784 , 1376446 
228784 , 1381335 
228784 , 1411161 
228784 , 1381627 
228784 , 1368833 
228784 , 1406990 
228784 , 3821992 
228784 , 2345545 
228784 , 2421375 
228784 , 2024288 
228784 , 1797418 
228784 , 1788929 
228784 , 1514859 
228784 , 1619084 
228784 , 1609878 
228784 , 1506585 
228784 , 1447645 
228784 , 1454114 
228784 , 1417314 
228784 , 1421022 
228784 , 1449510 
228784 , 1427124 
228784 , 1432639 
228784 , 1439200 
228784 , 1436148 
228784 , 1421007 
228784 , 1443765 
228784 , 2656362 
228784 , 2069193 
228784 , 3317381 
228784 , 3880819 
228784 , 2176967 
228784 , 1912504 
228784 , 1955054 
228784 , 2038803 
228784 , 2075919 
228784 , 1995318 
228784 , 2057317 
228784 , 2092255 
228784 , 2077359 
228784 , 2098183 
228784 , 2037672 
228784 , 2072364 
228784 , 2050202 
228784 , 1789121 
228784 , 1496313 
228784 , 1569543 
228784 , 1437732 
228784 , 2040828 
228784 , 2357820 
228784 , 1603838 
228784 , 1606763 
228784 , 2431227 
228784 , 1408599 
228784 , 1420339 
228784 , 1411039 
228784 , 1405369 
228784 , 1384041 
228784 , 1456051 
228784 , 1404282 
228784 , 1420448 
228784 , 1449563 
228784 , 1483610 
228784 , 1442839 
228784 , 1450569 
228784 , 1452894 
228784 , 1460303 
228784 , 1438622 
228784 , 1442048 
228784 , 1855125 
228784 , 10021610 
228784 , 1423720 
228784 , 1747274 
228784 , 1627726 
228784 , 1446422 
228784 , 1409693 
228784 , 1438791 
228784 , 1427464 
