228784 , 1063432 
228784 , 1075496 
228784 , 1191266 
228784 , 1046305 
228784 , 1086388 
228784 , 1887114 
228784 , 2096933 
228784 , 2138933 
228784 , 2138419 
228784 , 2085240 
228784 , 1870071 
228784 , 1863298 
228784 , 1862541 
228784 , 1833967 
228784 , 1760351 
228784 , 1771680 
228784 , 1861395 
228784 , 1765004 
228784 , 1839727 
228784 , 1766845 
228784 , 1785905 
228784 , 1744392 
228784 , 1806315 
228784 , 1766419 
228784 , 1781995 
228784 , 2407541 
228784 , 9617695 
228784 , 1137393 
228784 , 1115328 
228784 , 4580022 
228784 , 1069525 
228784 , 1028396 
228784 , 1049148 
228784 , 917684 
228784 , 939671 
228784 , 935249 
228784 , 1018799 
228784 , 1363879 
228784 , 1414214 
228784 , 1350519 
228784 , 1355161 
228784 , 1256770 
228784 , 988915 
228784 , 927562 
228784 , 1144281 
228784 , 1130387 
228784 , 982778 
228784 , 828168 
228784 , 835491 
228784 , 869367 
228784 , 846537 
228784 , 828719 
228784 , 837853 
228784 , 1138495 
228784 , 1348018 
228784 , 2054304 
228784 , 3010881 
228784 , 3003712 
228784 , 1676945 
228784 , 1467827 
228784 , 1354863 
228784 , 1267873 
228784 , 1506655 
228784 , 1316540 
228784 , 1333747 
228784 , 1344558 
228784 , 1366373 
228784 , 1354326 
228784 , 1433985 
228784 , 1345594 
228784 , 1378961 
228784 , 1396848 
228784 , 1389624 
228784 , 1360379 
228784 , 1377176 
228784 , 1366195 
228784 , 1369824 
228784 , 1377678 
228784 , 1375217 
228784 , 1366155 
228784 , 1366145 
228784 , 1357555 
228784 , 1383460 
228784 , 1373585 
228784 , 1376864 
228784 , 1366951 
228784 , 1362195 
228784 , 1357116 
228784 , 2439248 
228784 , 5239609 
228784 , 8027343 
228784 , 1401135 
228784 , 1319854 
228784 , 1293145 
228784 , 1360861 
228784 , 1308540 
228784 , 1313443 
228784 , 1321015 
228784 , 1302732 
228784 , 1187213 
